start=1763.053000
volume=72.000000
