start=2386.593000
volume=70.000000
