start=3986.566000
volume=100.000000
