start=222.167302
volume=52.000000
