start=13.440000
volume=68.000000
