start=48.309126
volume=52.000000
