start=37.894037
volume=100.000000
