start=170.411992
volume=70.000000
