start=6205.206000
volume=80.000000
